1 0.827710
2 0.569802
3 0.195246
4 0.194750
5 0.196022
6 0.198338
7 0.201058
8 0.203420
9 0.204520
10 0.203709
11 0.201383
12 0.198707
13 0.196213
14 0.193874
15 0.191687
16 0.189624
17 0.187669
18 0.185796
19 0.183997
20 0.182246
21 0.180559
22 0.178864
23 0.177295
24 0.175259
25 0.174717
26 0.166920
27 0.196493
28 0.136053
29 0.154854
30 0.189361
31 0.140540
32 0.173367
33 0.153420
34 0.183925
35 0.139593
36 0.174670
37 0.146722
38 0.183647
39 0.136383
40 0.165618
41 0.150518
42 0.173515
43 0.140729
44 0.183918
45 0.134061
46 0.162498
47 0.151881
48 0.172333
49 0.144025
50 0.197152
51 0.129783
52 0.150759
53 0.157673
54 0.168114
55 0.152684
56 0.187247
57 0.126052
58 0.152986
59 0.135839
60 0.193980
61 0.123825
62 0.136139
63 0.146947
64 0.146826
65 0.152115
66 0.134908
67 0.170815
68 0.120777
69 0.143406
70 0.134548
71 0.155505
72 0.121005
73 0.163755
74 0.118155
75 0.141149
76 0.126726
77 0.144130
78 0.118403
79 0.157097
80 0.114806
81 0.133165
82 0.123387
83 0.135582
84 0.115700
85 0.152492
86 0.112178
87 0.126643
88 0.119563
89 0.127987
90 0.113698
91 0.140467
92 0.109475
93 0.133217
94 0.109079
95 0.146897
96 0.108050
97 0.119336
98 0.113626
99 0.117225
100 0.111694
101 0.117470
102 0.107553
103 0.128317
104 0.105119
105 0.139923
106 0.106332
107 0.116320
108 0.104265
109 0.118010
110 0.100955
111 0.134014
112 0.102962
113 0.114300
114 0.103130
115 0.110570
116 0.099836
117 0.118073
118 0.098817
119 0.130735
120 0.101682
121 0.111463
122 0.096596
123 0.114153
124 0.095922
125 0.118967
126 0.096496
127 0.115398
128 0.094720
129 0.117147
130 0.094623
131 0.111193
132 0.092707
133 0.112554
134 0.092657
135 0.111218
136 0.091843
137 0.111152
138 0.091348
139 0.109636
140 0.090413
141 0.108203
142 0.089585
143 0.106908
144 0.088844
145 0.105955
146 0.088210
147 0.105097
148 0.087573
149 0.104128
150 0.086874
151 0.103009
152 0.086129
153 0.101896
154 0.085406
155 0.100900
156 0.084729
157 0.099978
158 0.084065
159 0.099023
160 0.083374
161 0.097998
162 0.082661
163 0.096951
164 0.081951
165 0.095938
166 0.081264
167 0.094969
168 0.080596
169 0.094028
170 0.079938
171 0.093094
172 0.079280
173 0.092149
174 0.078620
175 0.091179
176 0.077948
177 0.090189
178 0.077302
179 0.089166
180 0.076523
181 0.088485
182 0.076418
183 0.087592
184 0.075414
185 0.086604
186 0.074808
187 0.086148
188 0.074486
189 0.086179
190 0.074342
191 0.086038
192 0.073891
193 0.084267
194 0.072252
195 0.080147
196 0.070952
197 0.077894
198 0.070355
199 0.077957
200 0.070556
201 0.079403
202 0.071050
203 0.083425
204 0.075685
205 0.103565
206 0.082147
207 0.072481
208 0.067005
209 0.067911
210 0.065228
211 0.067856
212 0.065044
213 0.069700
214 0.066492
215 0.076876
216 0.072507
217 0.083971
218 0.072471
219 0.076124
220 0.065513
221 0.069913
222 0.063825
223 0.068775
224 0.063940
225 0.070556
226 0.065624
227 0.075536
228 0.069079
229 0.080422
230 0.070998
231 0.085008
232 0.074872
233 0.073064
234 0.062660
235 0.066059
236 0.061123
237 0.064260
238 0.060734
239 0.064734
240 0.061398
241 0.067994
242 0.064309
243 0.074651
244 0.068255
245 0.076061
246 0.065111
247 0.068079
248 0.060064
249 0.063265
250 0.058923
251 0.062540
252 0.059056
253 0.064393
254 0.060967
255 0.070318
256 0.065926
257 0.082740
258 0.080732
259 0.074205
260 0.059372
261 0.060579
262 0.056458
263 0.057989
264 0.055967
265 0.057558
266 0.055817
267 0.058427
268 0.056668
269 0.063597
270 0.063062
271 0.082855
272 0.074926
273 0.076638
274 0.062075
275 0.061396
276 0.054237
277 0.055574
278 0.053631
279 0.054475
280 0.053301
281 0.054456
282 0.053468
283 0.056011
284 0.055514
285 0.063823
286 0.064356
287 0.078448
288 0.068853
289 0.066400
290 0.053687
291 0.053974
292 0.051457
293 0.052163
294 0.051076
295 0.051825
296 0.050921
297 0.052160
298 0.051235
299 0.054686
300 0.055176
301 0.069940
302 0.073918
303 0.102700
304 0.079155
305 0.056314
306 0.050268
307 0.050094
308 0.049448
309 0.049508
310 0.049203
311 0.049230
312 0.048994
313 0.049040
314 0.048790
315 0.048940
316 0.048584
317 0.049193
318 0.048837
319 0.052415
320 0.056919
321 0.079663
322 0.080881
323 0.059967
324 0.048903
325 0.049306
326 0.047764
327 0.048164
328 0.047445
329 0.047780
330 0.047205
331 0.047691
332 0.047051
333 0.048190
334 0.047637
335 0.051116
336 0.052732
337 0.067009
338 0.074075
339 0.076502
340 0.057920
341 0.053314
342 0.046859
343 0.046970
344 0.045954
